1 251 37
2 731 93
3 528 880
4 44 376
5 126 161
6 371 714
7 751 600
8 429 461
9 452 858
10 711 466
11 101 589
12 277 164
13 690 931
14 311 799
15 364 408
16 96 9
17 207 543
18 464 288
19 388 377
20 373 20
21 130 696
22 110 885
23 525 964
24 400 600
25 266 91
26 84 895
27 905 814
28 249 823
29 828 634
30 230 342
31 367 732
32 91 196
33 641 417
34 984 673
35 554 669
36 757 144
37 821 650
38 996 554
39 336 355
40 93 38
41 249 673
42 216 455
43 564 862
44 632 798
45 138 472
46 6 946
47 988 512
48 683 886
49 696 652
50 346 474
51 435 170
52 965 788
53 656 446
54 679 848
55 80 718
56 42 509
57 522 579
58 538 603
59 421 323
60 458 554
61 204 469
62 741 52
63 209 716
64 359 390
65 845 744
66 358 74
67 774 721
68 827 841
69 114 478
70 325 983
71 292 581
72 152 903
73 837 827
74 698 418
75 692 446
76 358 330
77 633 153
78 61 259
79 350 736
80 673 100
81 511 461
82 276 250
83 260 978
84 777 198
85 932 408
86 248 712
87 381 359
88 928 116
89 129 631
90 560 676
91 234 831
92 566 214
93 58 555
94 804 95
95 676 11
96 544 416
97 679 770
98 571 777
99 220 717
100 845 835
101 638 101
102 743 874
103 698 126
104 400 586
105 895 248
106 204 81
107 847 733
108 145 70
109 134 909
110 956 553
111 859 175
112 956 355
113 893 145
114 165 55
115 87 601
116 361 41
117 783 460
118 89 309
119 700 0
120 506 835
121 422 902
122 158 266
123 666 458
124 224 843
125 310 485
126 556 784
127 906 906
128 957 940
129 880 560
130 425 948
131 773 416
132 19 647
133 408 591
134 248 482
135 18 758
136 476 159
137 719 784
138 166 558
139 540 964
140 297 20
141 753 292
142 788 332
143 73 309
144 732 276
145 464 728
146 240 713
147 525 528
148 117 797
149 880 637
150 163 320
151 925 64
152 376 468
153 889 360
154 420 446
155 420 100
156 693 634
157 728 538
158 52 742
159 650 840
160 759 473
161 494 97
162 640 837
163 768 730
164 478 180
165 56 173
166 226 911
167 333 397
168 637 148
169 989 828
170 864 345
171 667 530
172 36 796
173 451 470
174 500 180
175 171 770
176 887 30
177 538 618
178 410 433
179 797 861
180 61 27
181 47 816
182 277 807
183 561 127
184 755 966
185 402 661
186 586 367
187 49 573
188 87 626
189 465 306
190 196 281
191 508 332
192 29 680
193 723 981
194 14 843
195 85 187
196 660 650
197 294 150
198 140 185
199 105 276
200 290 163
201 233 995
202 963 552
203 973 903
204 900 92
205 571 996
206 188 66
207 478 271
208 159 241
209 202 608
210 669 805
211 975 554
212 130 673
213 724 30
214 87 220
215 799 917
216 706 362
217 682 541
218 513 101
219 255 310
220 900 707
221 824 533
222 740 793
223 232 57
224 158 72
225 150 196
226 269 751
227 756 700
228 695 729
229 290 514
230 375 177
231 416 778
232 459 195
233 132 213
234 510 909
235 585 475
236 344 294
237 73 573
238 564 341
239 635 674
240 667 845
241 768 873
242 928 271
243 587 711
244 107 65
245 200 928
246 170 854
247 375 475
248 677 606
249 832 657
250 672 800
251 592 894
252 551 453
253 189 580
254 588 54
255 191 68
256 461 545
257 744 574
258 204 423
259 733 27
260 23 170
261 757 337
262 161 141
263 730 439
264 16 620
265 749 26
266 937 527
267 783 719
268 672 97
269 69 217
270 725 205
271 739 462
272 379 931
273 93 437
274 179 655
275 938 514
276 393 378
277 450 773
278 716 158
279 945 760
280 268 268
281 108 744
282 919 769
283 532 990
284 997 984
285 864 422
286 29 993
287 600 39
288 863 379
289 320 100
290 308 645
291 281 850
292 2 340
293 94 308
294 652 184
295 893 644
296 753 663
297 460 667
298 756 902
299 927 794
300 341 885
301 751 633
302 614 778
303 197 496
304 416 737
305 952 708
306 566 931
307 19 837
308 770 477
309 762 982
310 767 195
311 550 116
312 928 995
313 614 690
314 495 694
315 393 644
316 888 877
317 466 723
318 734 385
319 363 489
320 910 470
321 77 373
322 611 48
323 815 161
324 378 759
325 781 802
326 79 95
327 603 392
328 311 467
329 866 910
330 168 378
331 529 172
332 653 122
333 0 604
334 863 29
335 570 489
336 281 817
337 505 711
338 82 157
339 438 631
340 640 1
341 808 49
342 283 412
343 77 735
344 487 356
345 71 231
346 487 346
347 345 826
348 718 555
349 66 923
350 687 622
351 697 626
352 297 99
353 602 609
354 835 649
355 367 406
356 206 563
357 219 739
358 58 211
359 939 835
360 177 256
361 342 989
362 684 452
363 486 477
364 298 657
365 239 66
366 648 773
367 264 74
368 558 411
369 224 389
370 406 308
371 187 0
372 554 582
373 181 624
374 534 876
375 30 194
376 164 534
377 582 792
378 135 178
379 474 583
380 138 523
381 48 151
382 329 17
383 968 202
384 800 929
385 324 177
386 547 615
387 122 579
388 998 505
389 886 959
390 822 789
391 365 973
392 295 406
393 720 448
394 736 467
395 773 718
396 348 489
397 349 571
398 66 514
399 609 962
400 519 605
401 806 766
402 762 208
403 571 664
404 680 628
405 552 738
406 482 496
407 833 684
408 20 328
409 403 340
410 295 959
411 487 347
412 641 971
413 717 150
414 411 193
415 930 426
416 347 704
417 597 524
418 699 193
419 342 359
420 578 487
421 416 687
422 522 236
423 730 190
424 154 909
425 144 749
426 372 687
427 823 518
428 257 930
429 520 287
430 596 836
431 780 18
432 748 337
433 954 250
434 294 298
435 348 192
436 267 467
437 977 39
438 166 874
439 759 781
440 41 693
441 638 763
442 207 146
443 165 167
444 341 173
445 687 48
446 837 694
447 950 817
448 251 857
449 620 18
450 860 18
451 213 507
452 923 496
453 289 994
454 622 273
455 496 23
456 392 374
457 679 438
458 257 225
459 842 349
460 563 748
461 866 535
462 566 708
463 337 720
464 982 462
465 364 634
466 763 937
467 129 303
468 18 44
469 664 792
470 546 921
471 694 445
472 521 658
473 8 566
474 192 506
475 750 241
476 500 552
477 264 821
478 895 448
479 13 47
480 671 130
481 209 875
482 749 103
483 998 933
484 392 665
485 671 104
486 274 538
487 977 855
488 803 328
489 235 210
490 670 39
491 496 372
492 489 792
493 346 714
494 688 713
495 689 934
496 108 685
497 508 557
498 312 797
499 367 101
500 181 454
501 902 644
502 894 469
503 913 485
504 446 177
505 384 636
506 25 728
507 25 619
508 233 916
509 367 62
510 722 231
511 485 173
512 687 189
513 332 463
514 166 618
515 882 167
516 425 283
517 508 322
518 943 521
519 405 686
520 259 611
521 110 146
522 43 243
523 760 289
524 571 757
525 72 912
526 291 355
527 163 139
528 863 92
529 547 579
530 701 470
531 904 307
532 692 105
533 898 859
534 171 198
535 301 628
536 880 280
537 254 244
538 26 114
539 462 501
540 337 154
541 997 50
542 372 668
543 120 97
544 691 81
545 806 463
546 295 578
547 664 352
548 150 951
549 967 638
550 780 629
551 90 901
552 550 216
553 984 172
554 424 333
555 298 262
556 498 27
557 469 298
558 622 450
559 167 431
560 829 157
561 255 108
562 307 396
563 498 487
564 568 862
565 940 85
566 184 173
567 900 682
568 37 922
569 955 977
570 436 586
571 613 701
572 390 73
573 72 145
574 215 838
575 518 877
576 996 167
577 830 778
578 8 847
579 224 785
580 544 188
581 296 126
582 249 582
583 266 35
584 782 518
585 383 138
586 710 187
587 623 530
588 877 834
589 184 887
590 9 967
591 261 59
592 512 967
593 490 937
594 656 704
595 991 899
596 976 131
597 4 122
598 589 73
599 364 607
600 751 900
601 741 872
602 110 679
603 183 885
604 422 97
605 898 555
606 307 365
607 429 184
608 529 493
609 988 88
610 722 209
611 130 608
612 662 899
613 592 473
614 502 21
615 12 704
616 282 277
617 757 203
618 716 767
619 325 950
620 860 491
621 641 150
622 396 257
623 390 118
624 31 226
625 796 705
626 126 529
627 839 343
628 700 10
629 611 315
630 731 730
631 200 980
632 237 400
633 718 819
634 288 314
635 723 100
636 316 730
637 91 177
638 782 794
639 455 307
640 602 957
641 481 762
642 4 297
643 262 351
644 784 66
645 869 288
646 4 433
647 792 444
648 386 333
649 401 447
650 338 184
651 455 296
652 519 533
653 952 874
654 648 56
655 344 88
656 122 23
657 563 972
658 476 767
659 416 305
660 908 443
661 968 231
662 264 825
663 61 992
664 560 452
665 605 785
666 58 561
667 705 82
668 797 164
669 185 986
670 162 283
671 115 917
672 607 71
673 891 783
674 575 894
675 957 925
676 199 827
677 993 258
678 905 226
679 919 871
680 654 446
681 459 567
682 624 166
683 370 658
684 310 272
685 78 224
686 708 948
687 301 833
688 138 829
689 801 378
690 83 323
691 180 123
692 617 988
693 131 983
694 766 420
695 221 451
696 166 779
697 275 194
698 660 342
699 681 344
700 515 208
701 870 342
702 350 378
703 9 301
704 625 265
705 652 215
706 1 632
707 326 858
708 185 701
709 748 990
710 440 120
711 391 754
712 959 225
713 996 874
714 7 361
715 583 811
716 538 941
717 361 290
718 672 134
719 821 602
720 582 964
721 133 484
722 242 556
723 506 516
724 761 591
725 540 369
726 661 965
727 566 853
728 425 410
729 214 14
730 951 192
731 356 85
732 733 981
733 145 757
734 402 703
735 889 134
736 583 285
737 884 578
738 468 527
739 705 295
740 800 825
741 460 175
742 454 756
743 754 476
744 324 429
745 922 296
746 997 962
747 223 612
748 890 154
749 299 703
750 252 501
751 78 953
752 806 900
753 336 929
754 560 906
755 851 820
756 590 347
757 252 503
758 755 755
759 139 239
760 248 763
761 528 902
762 402 31
763 281 121
764 563 60
765 930 56
766 687 336
767 356 469
768 257 794
769 249 937
770 311 980
771 975 763
772 20 949
773 915 418
774 484 620
775 7 573
776 389 666
777 535 449
778 565 616
779 801 299
780 438 377
781 700 783
782 313 481
783 634 673
784 778 726
785 568 273
786 800 197
787 53 988
788 40 200
789 705 184
790 242 239
791 825 568
792 4 941
793 704 593
794 869 164
795 928 652
796 269 99
797 761 518
798 492 135
799 161 212
800 576 304
801 333 42
802 482 238
803 934 942
804 203 211
805 208 641
806 611 122
807 695 662
808 947 929
809 283 726
810 452 283
811 213 34
812 871 225
813 290 467
814 30 426
815 896 319
816 154 912
817 71 388
818 103 406
819 874 658
820 893 943
821 726 60
822 161 479
823 898 416
824 139 824
825 79 975
826 593 278
827 849 191
828 964 372
829 23 503
830 721 411
831 672 650
832 618 479
833 335 959
834 550 469
835 0 824
836 327 130
837 123 451
838 370 982
839 817 510
840 101 593
841 924 974
842 92 844
843 436 521
844 260 931
845 183 537
846 267 73
847 961 676
848 903 781
849 236 603
850 231 355
851 385 248
852 551 54
853 752 628
854 704 925
855 12 743
856 719 516
857 675 321
858 428 141
859 981 472
860 143 70
861 19 219
862 894 324
863 874 223
864 777 832
865 607 440
866 466 921
867 973 322
868 215 307
869 756 72
870 610 70
871 685 269
872 411 650
873 908 121
874 531 257
875 133 150
876 293 573
877 570 699
878 737 5
879 467 305
880 608 34
881 839 325
882 327 718
883 579 861
884 797 327
885 305 303
886 447 873
887 442 126
888 727 898
889 62 981
890 80 209
891 179 777
892 222 233
893 133 563
894 915 651
895 901 219
896 364 794
897 581 83
898 566 995
899 731 731
900 611 796
901 356 808
902 561 180
903 763 939
904 749 708
905 530 247
906 204 404
907 48 931
908 42 153
909 795 969
910 766 958
911 744 453
912 310 296
913 273 810
914 383 623
915 62 218
916 568 473
917 127 581
918 47 769
919 73 988
920 460 73
921 495 229
922 941 251
923 843 306
924 929 518
925 669 277
926 73 550
927 971 311
928 308 341
929 842 338
930 266 706
931 844 963
932 107 199
933 322 884
934 377 647
935 131 904
936 139 527
937 934 281
938 620 781
939 309 719
940 427 518
941 355 817
942 836 748
943 199 985
944 591 504
945 545 3
946 311 740
947 292 422
948 110 589
949 740 646
950 311 447
951 179 673
952 900 689
953 79 953
954 713 722
955 829 105
956 913 964
957 12 956
958 503 799
959 451 786
960 919 906
961 589 340
962 903 686
963 959 10
964 680 35
965 134 371
966 289 495
967 22 933
968 222 716
969 185 301
970 213 962
971 429 522
972 289 901
973 57 261
974 274 112
975 160 379
976 189 745
977 279 158
978 104 663
979 108 425
980 593 314
981 352 995
982 199 818
983 414 141
984 881 314
985 300 887
986 254 390
987 306 608
988 133 227
989 697 341
990 493 558
991 862 316
992 591 767
993 406 537
994 195 487
995 876 553
996 921 209
997 425 493
998 914 597
999 747 409
1000 21 266
